675.6804312964070881300164981347837682735705345493718952911240386456027017477752259507287339007570295372787774393341867077005188951136566539147858102723938189158399732910056001965145366973860928780904335514786445023100441837714209863361986491328289283480542659252561121196289948904782469287242306571320434348708701777590131499198519714819141122467644594404440920887545358607905633970712500946683333989186206935449555073206609408577652611091973730935157416970400357982192964227791009029374513339567524757836274335301779803116685022972482477373280181875551141225676774387704320164771010024785292035420663184805935044945958852699137243682704772335332712519391213500143019708456672645828321001587894036196617435750142754319997237169935662360002487569677941138691958659676392391221594251162419040657853686397468111134849006729285495963083266458078114073916746214246745117367718940726793786777545539205144221554722486211509248289699995959628261702814933036831656172935466878591167936236947983562864709248155
0 0
1 0
2 0
3 0
4 0
5 0
6 0
7 0
8 0
9 0
10 0
11 0
12 0
13 0
14 0
15 0
16 0
17 0
18 0
19 0
20 0
21 0
22 1
23 0
24 0
25 0
26 0
27 0
28 0
29 0
30 0
31 2
32 1
33 0
34 1
35 1
36 9
37 4
38 4
39 3
40 0
41 9
42 6
43 6
44 5
45 3
46 8
47 8
48 8
49 14
50 0
51 18
52 15
53 19
54 15
55 17
56 16
57 27
58 27
59 29
60 27
61 0
62 27
63 32
64 27
65 40
66 32
67 34
68 50
69 31
70 38
71 0
72 43
73 44
74 39
75 43
76 36
77 52
78 44
79 41
80 45
81 0
82 41
83 47
84 42
85 46
86 61
87 42
88 35
89 45
90 51
91 0
92 47
93 44
94 55
95 46
96 37
97 42
98 40
99 44
100 48
101 0
102 53
103 51
104 35
105 49
106 42
107 31
108 43
109 41
110 48
111 41
112 0
113 32
114 41
115 26
116 51
117 40
118 47
119 43
120 47
121 48
122 0
123 49
124 42
125 43
126 46
127 37
128 51
129 56
130 33
131 37
132 0
133 47
134 39
135 45
136 49
137 44
138 38
139 56
140 45
141 29
142 0
143 45
144 48
145 46
146 45
147 41
148 54
149 42
150 45
151 40
152 0
153 42
154 46
155 40
156 45
157 30
158 30
159 36
160 55
161 47
162 48
163 0
164 32
165 53
166 39
167 49
168 43
169 36
170 40
171 34
172 41
173 0
174 44
175 43
176 44
177 52
178 41
179 49
180 46
181 40
182 31
183 0
184 42
185 29
186 46
187 35
188 36
189 38
190 37
191 41
192 34
193 0
194 30
195 41
196 30
197 38
198 35
199 37
200 31
201 28
202 36
203 0
204 24
205 30
206 29
207 28
208 26
209 19
210 27
211 17
212 19
213 17
214 0
215 23
216 16
217 12
218 17
219 10
220 8
221 9
222 3
223 12
224 0
225 10
226 6
227 8
228 7
229 4
230 7
231 5
232 5
233 3
234 0
235 5
236 1
237 3
238 2
239 0
240 1
241 0
242 0
243 0
244 0
245 0
246 0
247 0
248 0
249 0
250 0
251 0
252 0
253 0
254 0
255 0
