0.987253765932792556189333639337137019151320057611472225909258652601146313677001283141653689136133644
0 0
1 0
2 0
3 0
4 0
5 0
6 0
7 0
8 0
9 0
10 0
11 0
12 0
13 0
14 0
15 0
16 0
17 0
18 0
19 0
20 0
21 0
22 0
23 0
24 0
25 0
26 0
27 0
28 0
29 0
30 0
31 0
32 0
33 0
34 0
35 0
36 0
37 0
38 0
39 0
40 0
41 0
42 0
43 1
44 0
45 4
46 2
47 3
48 1
49 4
50 3
51 1
52 0
53 1
54 0
55 1
56 0
57 0
58 1
59 0
60 2
61 0
62 0
63 1
64 1
65 0
66 0
67 1
68 0
69 0
70 1
71 0
72 1
73 0
74 0
75 0
76 1
77 1
78 1
79 0
80 0
81 0
82 1
83 2
84 0
85 1
86 2
87 10
88 1
89 6
90 6
91 7
92 14
93 3
94 12
95 8
96 15
97 21
98 9
99 20
100 18
101 31
102 44
103 64
104 72
105 62
106 46
107 57
108 44
109 57
110 49
111 15
112 37
113 39
114 24
115 40
116 36
117 77
118 84
119 79
120 80
121 121
122 135
123 139
124 146
125 154
126 190
127 181
128 228
129 233
130 276
131 274
132 269
133 207
134 174
135 88
136 60
137 31
138 19
139 27
140 15
141 1
142 8
143 10
144 5
145 8
146 5
147 5
148 29
149 43
150 53
151 85
152 130
153 172
154 197
155 134
156 122
157 125
158 92
159 57
160 48
161 31
162 46
163 20
164 14
165 12
166 33
167 21
168 21
169 26
170 24
171 35
172 10
173 11
174 9
175 8
176 5
177 0
178 2
179 1
180 1
181 0
182 0
183 1
184 1
185 1
186 2
187 2
188 0
189 1
190 1
191 5
192 6
193 2
194 1
195 3
196 0
197 1
198 7
199 3
200 1
201 2
202 0
203 9
204 2
205 8
206 1
207 9
208 1
209 2
210 9
211 4
212 22
213 6
214 7
215 19
216 12
217 22
218 16
219 3
220 5
221 0
222 0
223 0
224 0
225 0
226 0
227 0
228 0
229 0
230 0
231 0
232 0
233 0
234 0
235 0
236 0
237 0
238 0
239 0
240 0
241 0
242 0
243 0
244 0
245 0
246 0
247 0
248 0
249 0
250 0
251 0
252 0
253 0
254 0
255 0
