7.77879612928869451793120826156901810417071785038195990049402587351790088087401521130997341297132098182609965089999561126776872839388522052889957328882843804395885495996782872651309062123296134638091119814562589218941942924649651979576871471862940551113229867569539446486318851119502234243674000288081332356038437520519072794853460166370898986090771156347805793881959162555241894228542963747127301230611100834555268055806888701588130173498653113530828885699853168218334737457055361042559230283229393993557232317877922052568929484668013575669015653722034214279290274492288932391071471758966235203560087978713032151821687743125682448346776628383084835167756524814513998728067554787998056005331892296463728567854664802059530032710690267317943360713293576461920686296805132960426590406685335471683692088482941236395580638386988234994992196505688979080616139967594880571900910982326608410732599112315278633698076843028004194945028854656201825179813227970653233615854753487560600762450632186158227112238272E-7
0 0
1 4
2 8
3 11
4 18
5 22
6 24
7 23
8 40
9 33
10 33
11 31
12 32
13 38
14 34
15 37
16 34
17 32
18 35
19 30
20 34
21 36
22 33
23 34
24 33
25 32
26 38
27 35
28 38
29 35
30 30
31 37
32 31
33 39
34 31
35 32
36 39
37 31
38 34
39 35
40 29
41 41
42 29
43 41
44 31
45 36
46 35
47 27
48 36
49 31
50 35
51 39
52 33
53 35
54 33
55 41
56 22
57 38
58 32
59 39
60 34
61 33
62 34
63 28
64 40
65 38
66 29
67 36
68 29
69 39
70 36
71 32
72 29
73 40
74 30
75 40
76 32
77 36
78 29
79 32
80 39
81 34
82 30
83 37
84 37
85 34
86 34
87 29
88 39
89 36
90 34
91 30
92 38
93 28
94 38
95 33
96 34
97 42
98 27
99 35
100 36
101 30
102 34
103 36
104 37
105 27
106 39
107 34
108 34
109 35
110 30
111 35
112 35
113 35
114 36
115 35
116 34
117 35
118 28
119 36
120 35
121 31
122 37
123 30
124 41
125 28
126 36
127 35
128 33
129 30
130 24
131 19
132 14
133 11
134 10
135 4
136 0
137 0
138 0
139 0
140 0
141 0
142 0
143 0
144 0
145 0
146 0
147 0
148 0
149 0
150 0
151 0
152 0
153 0
154 0
155 0
156 0
157 0
158 0
159 0
160 0
161 0
162 0
163 0
164 0
165 0
166 0
167 0
168 0
169 0
170 0
171 0
172 0
173 0
174 0
175 0
176 0
177 0
178 0
179 0
180 0
181 0
182 0
183 0
184 0
185 0
186 0
187 0
188 0
189 0
190 0
191 0
192 0
193 0
194 0
195 0
196 0
197 0
198 0
199 0
200 0
201 0
202 0
203 0
204 0
205 0
206 0
207 0
208 0
209 0
210 0
211 0
212 0
213 0
214 0
215 0
216 0
217 0
218 0
219 0
220 0
221 0
222 0
223 0
224 0
225 0
226 0
227 0
228 0
229 0
230 0
231 0
232 0
233 0
234 0
235 0
236 0
237 0
238 0
239 0
240 0
241 0
242 0
243 0
244 0
245 0
246 0
247 0
248 0
249 0
250 0
251 0
252 0
253 0
254 0
255 0
